{
  "advancedEditorSelectedIdentifier" : "ShaderGraphEditorPluginID",
  "openSceneRelativePaths" : [
    "Scene.usda",
    "c60.usd",
    "Plane.usda"
  ],
  "recentIdentifiers" : {
    "1D572CEB-057A-41C3-B575-04C37501A3C0" : [

    ],
    "8D6A181E-65AA-4563-9186-D16A2EAE4040" : [

    ],
    "45E1EA52-5F26-46FB-AC85-2CBA51ACD09B" : [

    ],
    "1395D70E-1406-4344-A37E-1474C31E763E" : [

    ],
    "B7D955A4-8C0E-4197-A661-67453918E1E0" : [

    ],
    "D66134B1-3681-4A8E-AFE5-29F257229F3B" : [

    ]
  },
  "sceneCameraHistory" : {
    "1D572CEB-057A-41C3-B575-04C37501A3C0" : [
      {
        "date" : 728825677.05027,
        "title" : "Untitled",
        "transform" : [
          0.91990685,
          6.846639e-10,
          0.39213702,
          0,
          0.16647275,
          0.9054153,
          -0.3905253,
          0,
          -0.35504684,
          0.42452702,
          0.8328977,
          0,
          -1.068618,
          1.932704,
          1.7588485,
          1
        ]
      },
      {
        "date" : 728428745.153414,
        "title" : "Untitled",
        "transform" : [
          0.919907,
          -2.1745734e-09,
          0.39213708,
          0,
          0.16647275,
          0.90541536,
          -0.3905253,
          0,
          -0.35504687,
          0.42452708,
          0.8328978,
          0,
          -1.8888628,
          1.5002675,
          0.03406644,
          1
        ]
      },
      {
        "date" : 728428742.804096,
        "title" : "Untitled",
        "transform" : [
          0.9999956,
          -3.6368292e-10,
          0.002991252,
          0,
          0.0029894272,
          0.034899652,
          -0.99938637,
          0,
          -0.00010439848,
          0.99939084,
          0.03489944,
          0,
          -0.7962837,
          4.122134,
          -1.0484196,
          1
        ]
      },
      {
        "date" : 728428737.539355,
        "title" : "Untitled",
        "transform" : [
          0.9999956,
          -3.6368292e-10,
          0.002991252,
          0,
          0.0029894272,
          0.034899592,
          -0.99938637,
          0,
          -0.00010439831,
          0.99939084,
          0.03489938,
          0,
          -0.25016043,
          4.1487064,
          -1.8077121,
          1
        ]
      },
      {
        "date" : 728428736.205671,
        "title" : "Untitled",
        "transform" : [
          0.9999956,
          -3.6368292e-10,
          0.002991252,
          0,
          0.0029894272,
          0.034899533,
          -0.99938637,
          0,
          -0.00010439813,
          0.99939084,
          0.03489932,
          0,
          -0.25016043,
          4.1487064,
          -1.8077123,
          1
        ]
      },
      {
        "date" : 728428733.328145,
        "title" : "Untitled",
        "transform" : [
          0.9997372,
          -3.9180464e-10,
          0.022927402,
          0,
          0.022152338,
          0.25781232,
          -0.9659411,
          0,
          -0.00591097,
          0.96619505,
          0.2577445,
          0,
          -0.27407634,
          3.964497,
          -1.2119322,
          1
        ]
      },
      {
        "date" : 728428730.572707,
        "title" : "Untitled",
        "transform" : [
          0.9997372,
          -3.9180464e-10,
          0.022927402,
          0,
          0.02215234,
          0.25781235,
          -0.9659412,
          0,
          -0.00591097,
          0.96619505,
          0.2577445,
          0,
          -0.09284365,
          4.6123815,
          -3.6364698,
          1
        ]
      },
      {
        "date" : 728428726.901543,
        "title" : "Untitled",
        "transform" : [
          0.99819154,
          0,
          0.06011388,
          0,
          0.030056898,
          0.8660258,
          -0.49909505,
          0,
          -0.052060172,
          0.49999928,
          0.8644596,
          0,
          -0.3131487,
          2.3868737,
          -0.74016094,
          1
        ]
      },
      {
        "date" : 728428720.628838,
        "title" : "Untitled",
        "transform" : [
          0.99819154,
          0,
          0.06011388,
          0,
          0.030056898,
          0.8660258,
          -0.49909505,
          0,
          -0.052060172,
          0.49999928,
          0.8644596,
          0,
          -0.5732919,
          1.7936751,
          -0.41272408,
          1
        ]
      },
      {
        "date" : 728428712.827971,
        "title" : "Untitled",
        "transform" : [
          1,
          0,
          0,
          0,
          0,
          0.8660258,
          -0.49999928,
          0,
          0,
          0.49999928,
          0.8660258,
          0,
          -0.14618507,
          1.7170818,
          -0.31475973,
          1
        ]
      }
    ],
    "8D6A181E-65AA-4563-9186-D16A2EAE4040" : [
      {
        "date" : 729790479.317228,
        "title" : "Untitled",
        "transform" : [
          0.63770217,
          -1.2876403e-09,
          0.77028304,
          0,
          0.2263704,
          0.9558425,
          -0.18740758,
          0,
          -0.73626924,
          0.29387954,
          0.6095428,
          0,
          -0.91114795,
          1.0133256,
          1.4370599,
          1
        ]
      },
      {
        "date" : 729790471.817032,
        "title" : "Untitled",
        "transform" : [
          0.63770217,
          -1.2876403e-09,
          0.77028304,
          0,
          0.2263704,
          0.9558425,
          -0.18740758,
          0,
          -0.73626924,
          0.29387954,
          0.6095428,
          0,
          -0.9606967,
          0.61894715,
          1.5673519,
          1
        ]
      },
      {
        "date" : 729790469.283254,
        "title" : "Untitled",
        "transform" : [
          0.63770217,
          -1.2876403e-09,
          0.77028304,
          0,
          0.2263704,
          0.9558425,
          -0.18740758,
          0,
          -0.73626924,
          0.29387954,
          0.6095428,
          0,
          -0.9517322,
          0.9072565,
          0.81097126,
          1
        ]
      },
      {
        "date" : 729790413.681763,
        "title" : "Untitled",
        "transform" : [
          0.63770217,
          -1.2876403e-09,
          0.77028304,
          0,
          0.2263704,
          0.9558425,
          -0.18740758,
          0,
          -0.73626924,
          0.29387954,
          0.6095428,
          0,
          -0.96622837,
          1.0854404,
          0.70755327,
          1
        ]
      },
      {
        "date" : 729790410.503216,
        "title" : "Untitled",
        "transform" : [
          0.63770217,
          -1.2876403e-09,
          0.77028304,
          0,
          0.2263704,
          0.9558425,
          -0.18740758,
          0,
          -0.73626924,
          0.29387954,
          0.6095428,
          0,
          -0.7735449,
          1.0881814,
          0.93897516,
          1
        ]
      },
      {
        "date" : 729790053.223335,
        "title" : "Untitled",
        "transform" : [
          0.63770217,
          -1.2876403e-09,
          0.77028304,
          0,
          0.2263704,
          0.9558425,
          -0.18740758,
          0,
          -0.73626924,
          0.29387954,
          0.6095428,
          0,
          -1.0395,
          0.6426188,
          0.8325471,
          1
        ]
      },
      {
        "date" : 729790041.120413,
        "title" : "Untitled",
        "transform" : [
          0.6742178,
          -1.2876403e-09,
          0.7385326,
          0,
          0.21703959,
          0.9558425,
          -0.19813879,
          0,
          -0.7059208,
          0.29387954,
          0.644446,
          0,
          -0.9618504,
          0.6426188,
          0.8809828,
          1
        ]
      },
      {
        "date" : 729790034.339771,
        "title" : "Untitled",
        "transform" : [
          0.6742178,
          -1.2876403e-09,
          0.7385326,
          0,
          0.21703959,
          0.9558425,
          -0.19813879,
          0,
          -0.7059208,
          0.29387954,
          0.644446,
          0,
          -1.7665272,
          1.1802288,
          1.6180065,
          1
        ]
      },
      {
        "date" : 729789937.783971,
        "title" : "Untitled",
        "transform" : [
          0.6742178,
          -1.2876403e-09,
          0.7385326,
          0,
          0.21703959,
          0.9558425,
          -0.19813879,
          0,
          -0.7059208,
          0.29387954,
          0.644446,
          0,
          -0.28584856,
          0.56381196,
          0.26627195,
          1
        ]
      },
      {
        "date" : 729789932.536558,
        "title" : "Untitled",
        "transform" : [
          0.6742178,
          -1.2876403e-09,
          0.7385326,
          0,
          0.21703959,
          0.9558425,
          -0.19813879,
          0,
          -0.7059208,
          0.29387954,
          0.644446,
          0,
          -0.6713847,
          0.52029246,
          -0.13619554,
          1
        ]
      }
    ],
    "45E1EA52-5F26-46FB-AC85-2CBA51ACD09B" : [
      {
        "date" : 731179415.289744,
        "title" : "Untitled",
        "transform" : [
          0.5223091,
          0.00020137493,
          -0.8527562,
          0,
          -0.32640922,
          0.923891,
          -0.19970593,
          0,
          0.7878135,
          0.38265577,
          0.48262239,
          0,
          0.9054778,
          0.583841,
          0.29145667,
          1
        ]
      },
      {
        "date" : 731179086.609552,
        "title" : "Untitled",
        "transform" : [
          0.5223091,
          0.00020137493,
          -0.8527562,
          0,
          -0.32640922,
          0.923891,
          -0.19970593,
          0,
          0.7878135,
          0.38265577,
          0.48262239,
          0,
          0.90933895,
          0.5459997,
          0.31515682,
          1
        ]
      },
      {
        "date" : 731179083.20602,
        "title" : "Untitled",
        "transform" : [
          0.5223091,
          0.00020137493,
          -0.8527562,
          0,
          -0.32640922,
          0.923891,
          -0.19970593,
          0,
          0.7878135,
          0.38265577,
          0.48262239,
          0,
          0.9037322,
          0.5872723,
          0.29158565,
          1
        ]
      },
      {
        "date" : 730888080.646544,
        "title" : "Untitled",
        "transform" : [
          0.5223091,
          0.00020137493,
          -0.8527562,
          0,
          -0.32640922,
          0.923891,
          -0.19970593,
          0,
          0.7878135,
          0.38265577,
          0.48262239,
          0,
          1.2450138,
          0.80904734,
          0.5573801,
          1
        ]
      },
      {
        "date" : 730887903.520832,
        "title" : "Untitled",
        "transform" : [
          -0.24115472,
          0.00020137471,
          -0.97048676,
          0,
          -0.35889098,
          0.9290908,
          0.08937304,
          0,
          0.90168816,
          0.36985168,
          -0.22398235,
          0,
          1.2814201,
          0.79027504,
          -0.4987158,
          1
        ]
      },
      {
        "date" : 730887427.425752,
        "title" : "Untitled",
        "transform" : [
          -0.28700793,
          0.00020137471,
          -0.95792824,
          0,
          -0.35423765,
          0.9290908,
          0.106329575,
          0,
          0.8900236,
          0.36985168,
          -0.26658508,
          0,
          0.7510327,
          0.41409168,
          -0.44356155,
          1
        ]
      },
      {
        "date" : 730887415.617845,
        "title" : "Untitled",
        "transform" : [
          -0.28700793,
          0.00020137471,
          -0.95792824,
          0,
          -0.35423765,
          0.9290908,
          0.106329575,
          0,
          0.8900236,
          0.36985168,
          -0.26658508,
          0,
          0.43416178,
          0.32000488,
          -0.38727012,
          1
        ]
      },
      {
        "date" : 730833933.732037,
        "title" : "Untitled",
        "transform" : [
          -0.2870079,
          0.00020137469,
          -0.9579281,
          0,
          -0.35423765,
          0.9290908,
          0.106329575,
          0,
          0.8900236,
          0.36985168,
          -0.26658508,
          0,
          1.9897023,
          0.96641386,
          -0.8531948,
          1
        ]
      },
      {
        "date" : 730833889.633546,
        "title" : "Untitled",
        "transform" : [
          -0.2725144,
          0.00020137467,
          -0.96215165,
          0,
          -0.36218607,
          0.9264222,
          0.10277743,
          0,
          0.8913793,
          0.37648627,
          -0.25239047,
          0,
          1.9956542,
          0.9817703,
          -0.82115996,
          1
        ]
      },
      {
        "date" : 730833781.388115,
        "title" : "Untitled",
        "transform" : [
          -0.007382292,
          0.00020137476,
          -0.9999727,
          0,
          -0.3720538,
          0.92820656,
          0.0029336074,
          0,
          0.9281818,
          0.37206534,
          -0.00677737,
          0,
          1.9869468,
          1.3726661,
          -0.116766766,
          1
        ]
      }
    ],
    "1395D70E-1406-4344-A37E-1474C31E763E" : [
      {
        "date" : 730292005.287551,
        "title" : "Untitled",
        "transform" : [
          0.8354361,
          -1.0189766e-06,
          0.5495878,
          0,
          0.09751245,
          0.9841341,
          -0.14822818,
          0,
          -0.54086787,
          0.17742674,
          0.8221811,
          0,
          -0.22357878,
          0.46380395,
          0.78375775,
          1
        ]
      },
      {
        "date" : 730291999.95252,
        "title" : "Untitled",
        "transform" : [
          0.9755792,
          -1.0069082e-06,
          0.21964818,
          0,
          0.10832058,
          0.8699438,
          -0.48110768,
          0,
          -0.19108105,
          0.49315098,
          0.84869903,
          0,
          -0.33667463,
          1.9933662,
          2.883694,
          1
        ]
      },
      {
        "date" : 730291976.502518,
        "title" : "Untitled",
        "transform" : [
          0.9755792,
          -1.0008265e-06,
          0.21964815,
          0,
          0.120926075,
          0.8348084,
          -0.53709584,
          0,
          -0.1833636,
          0.5505406,
          0.81442183,
          0,
          -0.24512963,
          0.88554704,
          0.7109431,
          1
        ]
      },
      {
        "date" : 730291928.685847,
        "title" : "Untitled",
        "transform" : [
          0.9995538,
          -1.0007064e-06,
          -0.029866097,
          0,
          -0.016114337,
          0.8419336,
          -0.53934056,
          0,
          0.025145816,
          0.5395812,
          0.841558,
          0,
          0.019077241,
          0.87163174,
          0.7510232,
          1
        ]
      },
      {
        "date" : 730291924.214058,
        "title" : "Untitled",
        "transform" : [
          0.94760835,
          -1.0003791e-06,
          -0.31943446,
          0,
          -0.08155445,
          0.96685886,
          -0.24193586,
          0,
          0.30884826,
          0.2553117,
          0.91620344,
          0,
          0.39857808,
          0.50132525,
          0.90363157,
          1
        ]
      },
      {
        "date" : 730291919.70597,
        "title" : "Untitled",
        "transform" : [
          0.58809215,
          -1.0004554e-06,
          -0.8087939,
          0,
          -0.25281945,
          0.9498886,
          -0.18383187,
          0,
          0.7682643,
          0.31258887,
          0.55862176,
          0,
          1.0064662,
          0.5772203,
          0.42864603,
          1
        ]
      },
      {
        "date" : 730291914.647272,
        "title" : "Untitled",
        "transform" : [
          0.6916648,
          -1.0043627e-06,
          -0.72221875,
          0,
          -0.0597392,
          0.99657315,
          -0.057213277,
          0,
          0.7197438,
          0.082717165,
          0.68929446,
          0,
          0.9687841,
          0.2692788,
          0.6265323,
          1
        ]
      },
      {
        "date" : 730291902.054877,
        "title" : "Untitled",
        "transform" : [
          0.7278535,
          -1.0037678e-06,
          -0.6857328,
          0,
          -0.06840432,
          0.9950121,
          -0.072607465,
          0,
          0.6823124,
          0.09975467,
          0.7242229,
          0,
          0.8469293,
          0.3247429,
          0.7402389,
          1
        ]
      },
      {
        "date" : 730291358.704882,
        "title" : "Untitled",
        "transform" : [
          0.9846536,
          -1.7236549e-09,
          0.17452,
          0,
          0.03615549,
          0.9783047,
          -0.20399183,
          0,
          -0.17073372,
          0.20717107,
          0.96329135,
          0,
          0.077567644,
          0.3968686,
          1.0529108,
          1
        ]
      },
      {
        "date" : 730286407.711412,
        "title" : "Untitled",
        "transform" : [
          0.64403874,
          -4.0412657e-10,
          0.76499283,
          0,
          0.34584683,
          0.89197147,
          -0.29116455,
          0,
          -0.68235177,
          0.45209152,
          0.57446426,
          0,
          -0.70705175,
          0.7278663,
          0.6889858,
          1
        ]
      }
    ],
    "B7D955A4-8C0E-4197-A661-67453918E1E0" : [
      {
        "date" : 730829325.105811,
        "title" : "Untitled",
        "transform" : [
          0.82722527,
          9.224783e-09,
          0.56187034,
          0,
          0.047117025,
          0.99647766,
          -0.0693691,
          0,
          -0.5598913,
          0.08385764,
          0.8243116,
          0,
          -1.7711325,
          0.07161721,
          2.484903,
          1
        ]
      },
      {
        "date" : 730829221.235735,
        "title" : "Untitled",
        "transform" : [
          0.9726641,
          -2.2841427e-09,
          0.23221649,
          0,
          0.16655639,
          0.6968199,
          -0.6976397,
          0,
          -0.16181307,
          0.7172463,
          0.6777716,
          0,
          -0.59065074,
          2.0561826,
          2.1771603,
          1
        ]
      },
      {
        "date" : 730829207.988441,
        "title" : "Untitled",
        "transform" : [
          0.9995073,
          -8.194067e-11,
          -0.03138982,
          0,
          -0.014095739,
          0.89350444,
          -0.4488331,
          0,
          0.028046945,
          0.44905442,
          0.89306414,
          0,
          0.01913226,
          1.2029947,
          2.8052132,
          1
        ]
      },
      {
        "date" : 730824262.342138,
        "title" : "Untitled",
        "transform" : [
          0.9941695,
          -8.144702e-11,
          -0.10782955,
          0,
          -0.049587347,
          0.8879874,
          -0.45718658,
          0,
          0.09575128,
          0.4598679,
          0.8828099,
          0,
          0.23227319,
          1.23695,
          2.780789,
          1
        ]
      },
      {
        "date" : 730824259.457245,
        "title" : "Untitled",
        "transform" : [
          0.9941695,
          -8.144702e-11,
          -0.10782955,
          0,
          -0.049587347,
          0.8879874,
          -0.45718658,
          0,
          0.09575128,
          0.4598679,
          0.8828099,
          0,
          0.25033244,
          1.1831601,
          2.8068502,
          1
        ]
      },
      {
        "date" : 730824246.824597,
        "title" : "Untitled",
        "transform" : [
          0.9941695,
          -8.144702e-11,
          -0.10782955,
          0,
          -0.049587347,
          0.8879874,
          -0.45718658,
          0,
          0.09575128,
          0.4598679,
          0.8828099,
          0,
          0.04917783,
          0.23618808,
          0.45341092,
          1
        ]
      },
      {
        "date" : 730824061.302089,
        "title" : "Untitled",
        "transform" : [
          0.99999994,
          0,
          -0,
          0,
          -0,
          0.8660254,
          -0.49999994,
          0,
          0,
          0.49999994,
          0.8660254,
          0,
          0,
          0.2567999,
          0.44479048,
          1
        ]
      }
    ],
    "D66134B1-3681-4A8E-AFE5-29F257229F3B" : [
      {
        "date" : 730830602.967783,
        "title" : "Untitled",
        "transform" : [
          -0.24836056,
          1.05309e-08,
          0.9686676,
          0,
          0.31716692,
          0.94487697,
          0.0813197,
          0,
          -0.91527164,
          0.32742566,
          -0.23467034,
          0,
          -0.7512773,
          0.38805774,
          -0.30761892,
          1
        ]
      },
      {
        "date" : 730290877.054284,
        "title" : "Untitled",
        "transform" : [
          0.9563027,
          1.7641131e-08,
          -0.2923787,
          0,
          -0.06489548,
          0.97505647,
          -0.21225806,
          0,
          0.28508553,
          0.22195676,
          0.9324492,
          0,
          0.1396009,
          0.29764003,
          0.83759046,
          1
        ]
      },
      {
        "date" : 729950481.007343,
        "title" : "Untitled",
        "transform" : [
          0.6522832,
          1.750177e-08,
          -0.75797534,
          0,
          -0.07412082,
          0.99520725,
          -0.063785434,
          0,
          0.75434244,
          0.09778768,
          0.6491572,
          0,
          0.5886836,
          0.18960097,
          0.6535586,
          1
        ]
      },
      {
        "date" : 729790531.981012,
        "title" : "Untitled",
        "transform" : [
          0.0047796043,
          1.8826164e-08,
          -0.9999886,
          0,
          -0.13741502,
          0.9905134,
          -0.00065682153,
          0,
          0.99050206,
          0.13741635,
          0.004734568,
          0,
          0.86371136,
          0.22426131,
          0.11552238,
          1
        ]
      },
      {
        "date" : 729768137.587855,
        "title" : "Untitled",
        "transform" : [
          0.6941421,
          1.8824341e-08,
          -0.719838,
          0,
          0.021791548,
          0.9995417,
          0.021013625,
          0,
          0.7195079,
          -0.030273065,
          0.6938242,
          0,
          0.56304175,
          0.07647552,
          0.69769007,
          1
        ]
      },
      {
        "date" : 729768123.721148,
        "title" : "Untitled",
        "transform" : [
          0.33406007,
          2.0522311e-08,
          -0.9425518,
          0,
          -0.13364886,
          0.9898961,
          -0.04736798,
          0,
          0.9330283,
          0.14179449,
          0.330685,
          0,
          0.77644944,
          0.22808035,
          0.39337212,
          1
        ]
      },
      {
        "date" : 729768114.236817,
        "title" : "Untitled",
        "transform" : [
          -0.66406506,
          -1.1883305e-08,
          0.7476748,
          0,
          0.0649156,
          0.99622375,
          0.057656378,
          0,
          -0.7448513,
          0.08682315,
          -0.66155756,
          0,
          -0.5799054,
          0.1799819,
          -0.6640425,
          1
        ]
      },
      {
        "date" : 729768061.254394,
        "title" : "Untitled",
        "transform" : [
          -0.6483771,
          -1.1265907e-08,
          0.76131934,
          0,
          0.08741651,
          0.993386,
          0.074448265,
          0,
          -0.75628376,
          0.11482224,
          -0.6440889,
          0,
          -0.88961416,
          0.14265227,
          -0.8139757,
          1
        ]
      },
      {
        "date" : 729695090.212616,
        "title" : "Untitled",
        "transform" : [
          -0.7185358,
          -1.14113865e-08,
          0.69549006,
          0,
          0.09153352,
          0.99130154,
          0.09456662,
          0,
          -0.68944025,
          0.13160996,
          -0.71228576,
          0,
          -0.8054798,
          0.16301641,
          -0.8938387,
          1
        ]
      },
      {
        "date" : 729695059.5331,
        "title" : "Untitled",
        "transform" : [
          0.9937097,
          -7.658677e-09,
          0.11198641,
          0,
          0.041135684,
          0.93009174,
          -0.3650166,
          0,
          -0.1041577,
          0.36732703,
          0.9242413,
          0,
          -0.16887285,
          0.44884348,
          1.1155006,
          1
        ]
      }
    ]
  },
  "selectedSceneRelativePath" : "Plane.usda"
}