{
  "advancedEditorSelectedIdentifier" : "ShaderGraphEditorPluginID",
  "openSceneRelativePaths" : [
    "Scene.usda"
  ],
  "recentIdentifiers" : {
    "1D572CEB-057A-41C3-B575-04C37501A3C0" : [

    ],
    "D66134B1-3681-4A8E-AFE5-29F257229F3B" : [

    ]
  },
  "sceneCameraHistory" : {
    "1D572CEB-057A-41C3-B575-04C37501A3C0" : [
      {
        "date" : 728825677.05027,
        "title" : "Untitled",
        "transform" : [
          0.91990685,
          6.846639e-10,
          0.39213702,
          0,
          0.16647275,
          0.9054153,
          -0.3905253,
          0,
          -0.35504684,
          0.42452702,
          0.8328977,
          0,
          -1.068618,
          1.932704,
          1.7588485,
          1
        ]
      },
      {
        "date" : 728428745.153414,
        "title" : "Untitled",
        "transform" : [
          0.919907,
          -2.1745734e-09,
          0.39213708,
          0,
          0.16647275,
          0.90541536,
          -0.3905253,
          0,
          -0.35504687,
          0.42452708,
          0.8328978,
          0,
          -1.8888628,
          1.5002675,
          0.03406644,
          1
        ]
      },
      {
        "date" : 728428742.804096,
        "title" : "Untitled",
        "transform" : [
          0.9999956,
          -3.6368292e-10,
          0.002991252,
          0,
          0.0029894272,
          0.034899652,
          -0.99938637,
          0,
          -0.00010439848,
          0.99939084,
          0.03489944,
          0,
          -0.7962837,
          4.122134,
          -1.0484196,
          1
        ]
      },
      {
        "date" : 728428737.539355,
        "title" : "Untitled",
        "transform" : [
          0.9999956,
          -3.6368292e-10,
          0.002991252,
          0,
          0.0029894272,
          0.034899592,
          -0.99938637,
          0,
          -0.00010439831,
          0.99939084,
          0.03489938,
          0,
          -0.25016043,
          4.1487064,
          -1.8077121,
          1
        ]
      },
      {
        "date" : 728428736.205671,
        "title" : "Untitled",
        "transform" : [
          0.9999956,
          -3.6368292e-10,
          0.002991252,
          0,
          0.0029894272,
          0.034899533,
          -0.99938637,
          0,
          -0.00010439813,
          0.99939084,
          0.03489932,
          0,
          -0.25016043,
          4.1487064,
          -1.8077123,
          1
        ]
      },
      {
        "date" : 728428733.328145,
        "title" : "Untitled",
        "transform" : [
          0.9997372,
          -3.9180464e-10,
          0.022927402,
          0,
          0.022152338,
          0.25781232,
          -0.9659411,
          0,
          -0.00591097,
          0.96619505,
          0.2577445,
          0,
          -0.27407634,
          3.964497,
          -1.2119322,
          1
        ]
      },
      {
        "date" : 728428730.572707,
        "title" : "Untitled",
        "transform" : [
          0.9997372,
          -3.9180464e-10,
          0.022927402,
          0,
          0.02215234,
          0.25781235,
          -0.9659412,
          0,
          -0.00591097,
          0.96619505,
          0.2577445,
          0,
          -0.09284365,
          4.6123815,
          -3.6364698,
          1
        ]
      },
      {
        "date" : 728428726.901543,
        "title" : "Untitled",
        "transform" : [
          0.99819154,
          0,
          0.06011388,
          0,
          0.030056898,
          0.8660258,
          -0.49909505,
          0,
          -0.052060172,
          0.49999928,
          0.8644596,
          0,
          -0.3131487,
          2.3868737,
          -0.74016094,
          1
        ]
      },
      {
        "date" : 728428720.628838,
        "title" : "Untitled",
        "transform" : [
          0.99819154,
          0,
          0.06011388,
          0,
          0.030056898,
          0.8660258,
          -0.49909505,
          0,
          -0.052060172,
          0.49999928,
          0.8644596,
          0,
          -0.5732919,
          1.7936751,
          -0.41272408,
          1
        ]
      },
      {
        "date" : 728428712.827971,
        "title" : "Untitled",
        "transform" : [
          1,
          0,
          0,
          0,
          0,
          0.8660258,
          -0.49999928,
          0,
          0,
          0.49999928,
          0.8660258,
          0,
          -0.14618507,
          1.7170818,
          -0.31475973,
          1
        ]
      }
    ],
    "D66134B1-3681-4A8E-AFE5-29F257229F3B" : [
      {
        "date" : 729611946.531079,
        "title" : "Untitled",
        "transform" : [
          0.83461475,
          -1.4269617e-09,
          -0.55083406,
          0,
          -0.2183902,
          0.9180471,
          -0.33090076,
          0,
          0.50569206,
          0.3964715,
          0.7662154,
          0,
          0.20541455,
          0.25644606,
          0.50597006,
          1
        ]
      },
      {
        "date" : 729611923.270757,
        "title" : "Untitled",
        "transform" : [
          0.6816054,
          -6.727599e-10,
          -0.73171985,
          0,
          -0.20496085,
          0.95996845,
          -0.19092299,
          0,
          0.7024284,
          0.28010818,
          0.6543193,
          0,
          0.338848,
          0.1883858,
          0.46223176,
          1
        ]
      },
      {
        "date" : 729076698.668356,
        "title" : "Untitled",
        "transform" : [
          0.6265914,
          -3.532504e-09,
          -0.77934796,
          0,
          -0.33575365,
          0.9024411,
          -0.26994365,
          0,
          0.7033159,
          0.43081337,
          0.5654614,
          0,
          0.21593332,
          0.17442414,
          0.26044497,
          1
        ]
      },
      {
        "date" : 729076693.296529,
        "title" : "Untitled",
        "transform" : [
          -0.67548394,
          -1.3488558e-08,
          -0.7373747,
          0,
          -0.51564723,
          0.7148266,
          0.47236735,
          0,
          0.5270946,
          0.69930184,
          -0.48285413,
          0,
          0.22475344,
          0.18875153,
          -0.1343497,
          1
        ]
      },
      {
        "date" : 729076690.169905,
        "title" : "Untitled",
        "transform" : [
          -0.67548394,
          -1.3488558e-08,
          -0.7373747,
          0,
          -0.51564723,
          0.7148266,
          0.47236735,
          0,
          0.5270946,
          0.69930184,
          -0.48285413,
          0,
          0.23357877,
          0.22815284,
          -0.2237598,
          1
        ]
      },
      {
        "date" : 729076544.253376,
        "title" : "Untitled",
        "transform" : [
          -0.67548394,
          -1.3488558e-08,
          -0.7373747,
          0,
          -0.51564723,
          0.7148266,
          0.47236735,
          0,
          0.5270946,
          0.69930184,
          -0.48285413,
          0,
          0.21214178,
          0.21096137,
          -0.27205876,
          1
        ]
      },
      {
        "date" : 729075954.043185,
        "title" : "Untitled",
        "transform" : [
          -0.67548394,
          -1.3488558e-08,
          -0.7373747,
          0,
          -0.51564723,
          0.7148266,
          0.47236735,
          0,
          0.5270946,
          0.69930184,
          -0.48285413,
          0,
          0.15993297,
          0.19741815,
          -0.34866542,
          1
        ]
      },
      {
        "date" : 729075950.72813,
        "title" : "Untitled",
        "transform" : [
          -0.33517885,
          -1.549052e-09,
          -0.94215447,
          0,
          -0.26829118,
          0.9585978,
          0.0954469,
          0,
          0.90314716,
          0.28476357,
          -0.32130203,
          0,
          0.2754339,
          0.07990441,
          -0.28352606,
          1
        ]
      },
      {
        "date" : 729075921.395887,
        "title" : "Untitled",
        "transform" : [
          -0.33517885,
          -1.549052e-09,
          -0.94215447,
          0,
          -0.26829118,
          0.9585978,
          0.0954469,
          0,
          0.90314716,
          0.28476357,
          -0.32130203,
          0,
          0.29372096,
          0.062095907,
          -0.24790639,
          1
        ]
      },
      {
        "date" : 729075916.293339,
        "title" : "Untitled",
        "transform" : [
          -0.33517885,
          -1.549052e-09,
          -0.94215447,
          0,
          -0.26829118,
          0.9585978,
          0.0954469,
          0,
          0.90314716,
          0.28476357,
          -0.32130203,
          0,
          0.29960495,
          0.09478078,
          -0.13232797,
          1
        ]
      }
    ]
  },
  "selectedSceneRelativePath" : "Scene.usda"
}