{
  "advancedEditorSelectedIdentifier" : "ShaderGraphEditorPluginID",
  "openSceneRelativePaths" : [
    "Scene.usda",
    "Plane.usda"
  ],
  "recentIdentifiers" : {
    "1D572CEB-057A-41C3-B575-04C37501A3C0" : [

    ],
    "8D6A181E-65AA-4563-9186-D16A2EAE4040" : [

    ],
    "45E1EA52-5F26-46FB-AC85-2CBA51ACD09B" : [

    ],
    "1395D70E-1406-4344-A37E-1474C31E763E" : [

    ],
    "B7D955A4-8C0E-4197-A661-67453918E1E0" : [

    ],
    "D66134B1-3681-4A8E-AFE5-29F257229F3B" : [

    ]
  },
  "sceneCameraHistory" : {
    "1D572CEB-057A-41C3-B575-04C37501A3C0" : [
      {
        "date" : 728825677.05027,
        "title" : "Untitled",
        "transform" : [
          0.91990685,
          6.846639e-10,
          0.39213702,
          0,
          0.16647275,
          0.9054153,
          -0.3905253,
          0,
          -0.35504684,
          0.42452702,
          0.8328977,
          0,
          -1.068618,
          1.932704,
          1.7588485,
          1
        ]
      },
      {
        "date" : 728428745.153414,
        "title" : "Untitled",
        "transform" : [
          0.919907,
          -2.1745734e-09,
          0.39213708,
          0,
          0.16647275,
          0.90541536,
          -0.3905253,
          0,
          -0.35504687,
          0.42452708,
          0.8328978,
          0,
          -1.8888628,
          1.5002675,
          0.03406644,
          1
        ]
      },
      {
        "date" : 728428742.804096,
        "title" : "Untitled",
        "transform" : [
          0.9999956,
          -3.6368292e-10,
          0.002991252,
          0,
          0.0029894272,
          0.034899652,
          -0.99938637,
          0,
          -0.00010439848,
          0.99939084,
          0.03489944,
          0,
          -0.7962837,
          4.122134,
          -1.0484196,
          1
        ]
      },
      {
        "date" : 728428737.539355,
        "title" : "Untitled",
        "transform" : [
          0.9999956,
          -3.6368292e-10,
          0.002991252,
          0,
          0.0029894272,
          0.034899592,
          -0.99938637,
          0,
          -0.00010439831,
          0.99939084,
          0.03489938,
          0,
          -0.25016043,
          4.1487064,
          -1.8077121,
          1
        ]
      },
      {
        "date" : 728428736.205671,
        "title" : "Untitled",
        "transform" : [
          0.9999956,
          -3.6368292e-10,
          0.002991252,
          0,
          0.0029894272,
          0.034899533,
          -0.99938637,
          0,
          -0.00010439813,
          0.99939084,
          0.03489932,
          0,
          -0.25016043,
          4.1487064,
          -1.8077123,
          1
        ]
      },
      {
        "date" : 728428733.328145,
        "title" : "Untitled",
        "transform" : [
          0.9997372,
          -3.9180464e-10,
          0.022927402,
          0,
          0.022152338,
          0.25781232,
          -0.9659411,
          0,
          -0.00591097,
          0.96619505,
          0.2577445,
          0,
          -0.27407634,
          3.964497,
          -1.2119322,
          1
        ]
      },
      {
        "date" : 728428730.572707,
        "title" : "Untitled",
        "transform" : [
          0.9997372,
          -3.9180464e-10,
          0.022927402,
          0,
          0.02215234,
          0.25781235,
          -0.9659412,
          0,
          -0.00591097,
          0.96619505,
          0.2577445,
          0,
          -0.09284365,
          4.6123815,
          -3.6364698,
          1
        ]
      },
      {
        "date" : 728428726.901543,
        "title" : "Untitled",
        "transform" : [
          0.99819154,
          0,
          0.06011388,
          0,
          0.030056898,
          0.8660258,
          -0.49909505,
          0,
          -0.052060172,
          0.49999928,
          0.8644596,
          0,
          -0.3131487,
          2.3868737,
          -0.74016094,
          1
        ]
      },
      {
        "date" : 728428720.628838,
        "title" : "Untitled",
        "transform" : [
          0.99819154,
          0,
          0.06011388,
          0,
          0.030056898,
          0.8660258,
          -0.49909505,
          0,
          -0.052060172,
          0.49999928,
          0.8644596,
          0,
          -0.5732919,
          1.7936751,
          -0.41272408,
          1
        ]
      },
      {
        "date" : 728428712.827971,
        "title" : "Untitled",
        "transform" : [
          1,
          0,
          0,
          0,
          0,
          0.8660258,
          -0.49999928,
          0,
          0,
          0.49999928,
          0.8660258,
          0,
          -0.14618507,
          1.7170818,
          -0.31475973,
          1
        ]
      }
    ],
    "8D6A181E-65AA-4563-9186-D16A2EAE4040" : [
      {
        "date" : 729790479.317228,
        "title" : "Untitled",
        "transform" : [
          0.63770217,
          -1.2876403e-09,
          0.77028304,
          0,
          0.2263704,
          0.9558425,
          -0.18740758,
          0,
          -0.73626924,
          0.29387954,
          0.6095428,
          0,
          -0.91114795,
          1.0133256,
          1.4370599,
          1
        ]
      },
      {
        "date" : 729790471.817032,
        "title" : "Untitled",
        "transform" : [
          0.63770217,
          -1.2876403e-09,
          0.77028304,
          0,
          0.2263704,
          0.9558425,
          -0.18740758,
          0,
          -0.73626924,
          0.29387954,
          0.6095428,
          0,
          -0.9606967,
          0.61894715,
          1.5673519,
          1
        ]
      },
      {
        "date" : 729790469.283254,
        "title" : "Untitled",
        "transform" : [
          0.63770217,
          -1.2876403e-09,
          0.77028304,
          0,
          0.2263704,
          0.9558425,
          -0.18740758,
          0,
          -0.73626924,
          0.29387954,
          0.6095428,
          0,
          -0.9517322,
          0.9072565,
          0.81097126,
          1
        ]
      },
      {
        "date" : 729790413.681763,
        "title" : "Untitled",
        "transform" : [
          0.63770217,
          -1.2876403e-09,
          0.77028304,
          0,
          0.2263704,
          0.9558425,
          -0.18740758,
          0,
          -0.73626924,
          0.29387954,
          0.6095428,
          0,
          -0.96622837,
          1.0854404,
          0.70755327,
          1
        ]
      },
      {
        "date" : 729790410.503216,
        "title" : "Untitled",
        "transform" : [
          0.63770217,
          -1.2876403e-09,
          0.77028304,
          0,
          0.2263704,
          0.9558425,
          -0.18740758,
          0,
          -0.73626924,
          0.29387954,
          0.6095428,
          0,
          -0.7735449,
          1.0881814,
          0.93897516,
          1
        ]
      },
      {
        "date" : 729790053.223335,
        "title" : "Untitled",
        "transform" : [
          0.63770217,
          -1.2876403e-09,
          0.77028304,
          0,
          0.2263704,
          0.9558425,
          -0.18740758,
          0,
          -0.73626924,
          0.29387954,
          0.6095428,
          0,
          -1.0395,
          0.6426188,
          0.8325471,
          1
        ]
      },
      {
        "date" : 729790041.120413,
        "title" : "Untitled",
        "transform" : [
          0.6742178,
          -1.2876403e-09,
          0.7385326,
          0,
          0.21703959,
          0.9558425,
          -0.19813879,
          0,
          -0.7059208,
          0.29387954,
          0.644446,
          0,
          -0.9618504,
          0.6426188,
          0.8809828,
          1
        ]
      },
      {
        "date" : 729790034.339771,
        "title" : "Untitled",
        "transform" : [
          0.6742178,
          -1.2876403e-09,
          0.7385326,
          0,
          0.21703959,
          0.9558425,
          -0.19813879,
          0,
          -0.7059208,
          0.29387954,
          0.644446,
          0,
          -1.7665272,
          1.1802288,
          1.6180065,
          1
        ]
      },
      {
        "date" : 729789937.783971,
        "title" : "Untitled",
        "transform" : [
          0.6742178,
          -1.2876403e-09,
          0.7385326,
          0,
          0.21703959,
          0.9558425,
          -0.19813879,
          0,
          -0.7059208,
          0.29387954,
          0.644446,
          0,
          -0.28584856,
          0.56381196,
          0.26627195,
          1
        ]
      },
      {
        "date" : 729789932.536558,
        "title" : "Untitled",
        "transform" : [
          0.6742178,
          -1.2876403e-09,
          0.7385326,
          0,
          0.21703959,
          0.9558425,
          -0.19813879,
          0,
          -0.7059208,
          0.29387954,
          0.644446,
          0,
          -0.6713847,
          0.52029246,
          -0.13619554,
          1
        ]
      }
    ],
    "45E1EA52-5F26-46FB-AC85-2CBA51ACD09B" : [
      {
        "date" : 731927372.898278,
        "title" : "Untitled",
        "transform" : [
          -0.59157497,
          -0.001180243,
          -0.80624914,
          0,
          -0.11580193,
          0.9897547,
          0.08351937,
          0,
          0.79789025,
          0.1427731,
          -0.58565086,
          0,
          1.463577,
          0.3331685,
          -1.3533227,
          1
        ]
      },
      {
        "date" : 731927365.825104,
        "title" : "Untitled",
        "transform" : [
          0.8175006,
          -0.001180244,
          0.5759266,
          0,
          0.10491072,
          0.98357207,
          -0.14690022,
          0,
          -0.5662919,
          0.18051182,
          0.80419457,
          0,
          -0.94824946,
          0.4086526,
          1.737345,
          1
        ]
      },
      {
        "date" : 731927349.721164,
        "title" : "Untitled",
        "transform" : [
          0.8175006,
          -0.001180244,
          0.5759266,
          0,
          0.10491072,
          0.98357207,
          -0.14690022,
          0,
          -0.566292,
          0.18051183,
          0.8041947,
          0,
          -0.9471408,
          0.3738721,
          1.7459327,
          1
        ]
      },
      {
        "date" : 731927342.953517,
        "title" : "Untitled",
        "transform" : [
          0.17373666,
          -0.0011802368,
          0.98479146,
          0,
          0.5013677,
          0.86080676,
          -0.08741957,
          0,
          -0.847612,
          0.50893056,
          0.15014544,
          0,
          -1.6558756,
          1.03185,
          0.5277297,
          1
        ]
      },
      {
        "date" : 731927247.430861,
        "title" : "Untitled",
        "transform" : [
          0.54275256,
          -0.0011802369,
          0.8398918,
          0,
          0.42096072,
          0.86570835,
          -0.27081564,
          0,
          -0.7267817,
          0.50054735,
          0.4703623,
          0,
          -1.1742978,
          0.89217347,
          1.5049738,
          1
        ]
      },
      {
        "date" : 731927244.11364,
        "title" : "Untitled",
        "transform" : [
          0.99183226,
          -0.0011802254,
          -0.12754336,
          0,
          -0.014116074,
          0.9927988,
          -0.11895913,
          0,
          0.12676534,
          0.119787864,
          0.9846734,
          0,
          0.87686193,
          0.11117691,
          1.9127591,
          1
        ]
      },
      {
        "date" : 731927241.48936,
        "title" : "Untitled",
        "transform" : [
          0.97550136,
          -0.001180226,
          -0.2199902,
          0,
          0.019106857,
          0.9966614,
          0.079378694,
          0,
          0.21916209,
          -0.08163742,
          0.97226715,
          0,
          1.0478662,
          -0.29376847,
          1.8043199,
          1
        ]
      },
      {
        "date" : 731927141.514598,
        "title" : "Untitled",
        "transform" : [
          0.8909638,
          -0.0011802027,
          -0.45407298,
          0,
          -0.3485024,
          0.63926893,
          -0.6854789,
          0,
          0.29108378,
          0.7689823,
          0.56915414,
          0,
          0.9823275,
          1.2263985,
          0.5465242,
          1
        ]
      },
      {
        "date" : 731927043.178634,
        "title" : "Untitled",
        "transform" : [
          0.8929828,
          -0.0011802133,
          0.45008928,
          0,
          0.2267483,
          0.8650067,
          -0.44760332,
          0,
          -0.388802,
          0.501759,
          0.77270365,
          0,
          -0.45513788,
          0.6612281,
          1.1898313,
          1
        ]
      },
      {
        "date" : 731925683.538065,
        "title" : "Untitled",
        "transform" : [
          0.7080337,
          -0.001180213,
          0.70617765,
          0,
          0.3143242,
          0.8960035,
          -0.31365287,
          0,
          -0.63236743,
          0.44404548,
          0.6347716,
          0,
          -0.8322998,
          0.57682836,
          1.0171615,
          1
        ]
      }
    ],
    "1395D70E-1406-4344-A37E-1474C31E763E" : [
      {
        "date" : 730292005.287551,
        "title" : "Untitled",
        "transform" : [
          0.8354361,
          -1.0189766e-06,
          0.5495878,
          0,
          0.09751245,
          0.9841341,
          -0.14822818,
          0,
          -0.54086787,
          0.17742674,
          0.8221811,
          0,
          -0.22357878,
          0.46380395,
          0.78375775,
          1
        ]
      },
      {
        "date" : 730291999.95252,
        "title" : "Untitled",
        "transform" : [
          0.9755792,
          -1.0069082e-06,
          0.21964818,
          0,
          0.10832058,
          0.8699438,
          -0.48110768,
          0,
          -0.19108105,
          0.49315098,
          0.84869903,
          0,
          -0.33667463,
          1.9933662,
          2.883694,
          1
        ]
      },
      {
        "date" : 730291976.502518,
        "title" : "Untitled",
        "transform" : [
          0.9755792,
          -1.0008265e-06,
          0.21964815,
          0,
          0.120926075,
          0.8348084,
          -0.53709584,
          0,
          -0.1833636,
          0.5505406,
          0.81442183,
          0,
          -0.24512963,
          0.88554704,
          0.7109431,
          1
        ]
      },
      {
        "date" : 730291928.685847,
        "title" : "Untitled",
        "transform" : [
          0.9995538,
          -1.0007064e-06,
          -0.029866097,
          0,
          -0.016114337,
          0.8419336,
          -0.53934056,
          0,
          0.025145816,
          0.5395812,
          0.841558,
          0,
          0.019077241,
          0.87163174,
          0.7510232,
          1
        ]
      },
      {
        "date" : 730291924.214058,
        "title" : "Untitled",
        "transform" : [
          0.94760835,
          -1.0003791e-06,
          -0.31943446,
          0,
          -0.08155445,
          0.96685886,
          -0.24193586,
          0,
          0.30884826,
          0.2553117,
          0.91620344,
          0,
          0.39857808,
          0.50132525,
          0.90363157,
          1
        ]
      },
      {
        "date" : 730291919.70597,
        "title" : "Untitled",
        "transform" : [
          0.58809215,
          -1.0004554e-06,
          -0.8087939,
          0,
          -0.25281945,
          0.9498886,
          -0.18383187,
          0,
          0.7682643,
          0.31258887,
          0.55862176,
          0,
          1.0064662,
          0.5772203,
          0.42864603,
          1
        ]
      },
      {
        "date" : 730291914.647272,
        "title" : "Untitled",
        "transform" : [
          0.6916648,
          -1.0043627e-06,
          -0.72221875,
          0,
          -0.0597392,
          0.99657315,
          -0.057213277,
          0,
          0.7197438,
          0.082717165,
          0.68929446,
          0,
          0.9687841,
          0.2692788,
          0.6265323,
          1
        ]
      },
      {
        "date" : 730291902.054877,
        "title" : "Untitled",
        "transform" : [
          0.7278535,
          -1.0037678e-06,
          -0.6857328,
          0,
          -0.06840432,
          0.9950121,
          -0.072607465,
          0,
          0.6823124,
          0.09975467,
          0.7242229,
          0,
          0.8469293,
          0.3247429,
          0.7402389,
          1
        ]
      },
      {
        "date" : 730291358.704882,
        "title" : "Untitled",
        "transform" : [
          0.9846536,
          -1.7236549e-09,
          0.17452,
          0,
          0.03615549,
          0.9783047,
          -0.20399183,
          0,
          -0.17073372,
          0.20717107,
          0.96329135,
          0,
          0.077567644,
          0.3968686,
          1.0529108,
          1
        ]
      },
      {
        "date" : 730286407.711412,
        "title" : "Untitled",
        "transform" : [
          0.64403874,
          -4.0412657e-10,
          0.76499283,
          0,
          0.34584683,
          0.89197147,
          -0.29116455,
          0,
          -0.68235177,
          0.45209152,
          0.57446426,
          0,
          -0.70705175,
          0.7278663,
          0.6889858,
          1
        ]
      }
    ],
    "B7D955A4-8C0E-4197-A661-67453918E1E0" : [
      {
        "date" : 730829325.105811,
        "title" : "Untitled",
        "transform" : [
          0.82722527,
          9.224783e-09,
          0.56187034,
          0,
          0.047117025,
          0.99647766,
          -0.0693691,
          0,
          -0.5598913,
          0.08385764,
          0.8243116,
          0,
          -1.7711325,
          0.07161721,
          2.484903,
          1
        ]
      },
      {
        "date" : 730829221.235735,
        "title" : "Untitled",
        "transform" : [
          0.9726641,
          -2.2841427e-09,
          0.23221649,
          0,
          0.16655639,
          0.6968199,
          -0.6976397,
          0,
          -0.16181307,
          0.7172463,
          0.6777716,
          0,
          -0.59065074,
          2.0561826,
          2.1771603,
          1
        ]
      },
      {
        "date" : 730829207.988441,
        "title" : "Untitled",
        "transform" : [
          0.9995073,
          -8.194067e-11,
          -0.03138982,
          0,
          -0.014095739,
          0.89350444,
          -0.4488331,
          0,
          0.028046945,
          0.44905442,
          0.89306414,
          0,
          0.01913226,
          1.2029947,
          2.8052132,
          1
        ]
      },
      {
        "date" : 730824262.342138,
        "title" : "Untitled",
        "transform" : [
          0.9941695,
          -8.144702e-11,
          -0.10782955,
          0,
          -0.049587347,
          0.8879874,
          -0.45718658,
          0,
          0.09575128,
          0.4598679,
          0.8828099,
          0,
          0.23227319,
          1.23695,
          2.780789,
          1
        ]
      },
      {
        "date" : 730824259.457245,
        "title" : "Untitled",
        "transform" : [
          0.9941695,
          -8.144702e-11,
          -0.10782955,
          0,
          -0.049587347,
          0.8879874,
          -0.45718658,
          0,
          0.09575128,
          0.4598679,
          0.8828099,
          0,
          0.25033244,
          1.1831601,
          2.8068502,
          1
        ]
      },
      {
        "date" : 730824246.824597,
        "title" : "Untitled",
        "transform" : [
          0.9941695,
          -8.144702e-11,
          -0.10782955,
          0,
          -0.049587347,
          0.8879874,
          -0.45718658,
          0,
          0.09575128,
          0.4598679,
          0.8828099,
          0,
          0.04917783,
          0.23618808,
          0.45341092,
          1
        ]
      },
      {
        "date" : 730824061.302089,
        "title" : "Untitled",
        "transform" : [
          0.99999994,
          0,
          -0,
          0,
          -0,
          0.8660254,
          -0.49999994,
          0,
          0,
          0.49999994,
          0.8660254,
          0,
          0,
          0.2567999,
          0.44479048,
          1
        ]
      }
    ],
    "D66134B1-3681-4A8E-AFE5-29F257229F3B" : [
      {
        "date" : 731859443.960125,
        "title" : "Untitled",
        "transform" : [
          0.76729023,
          1.14485665e-08,
          -0.6413,
          0,
          -0.18320273,
          0.95832694,
          -0.21919471,
          0,
          0.61457515,
          0.2856735,
          0.73531497,
          0,
          0.4278011,
          0.43268263,
          0.7094993,
          1
        ]
      },
      {
        "date" : 731332221.816659,
        "title" : "Untitled",
        "transform" : [
          0.76729023,
          1.14485665e-08,
          -0.6413,
          0,
          -0.18320273,
          0.95832694,
          -0.21919471,
          0,
          0.61457515,
          0.2856735,
          0.73531497,
          0,
          0.4278011,
          0.43268263,
          0.7094993,
          1
        ]
      },
      {
        "date" : 731268785.903362,
        "title" : "Untitled",
        "transform" : [
          0.76729023,
          1.14485665e-08,
          -0.6413,
          0,
          -0.18320273,
          0.95832694,
          -0.21919471,
          0,
          0.61457515,
          0.2856735,
          0.73531497,
          0,
          0.39280358,
          0.4941625,
          0.7148649,
          1
        ]
      },
      {
        "date" : 731266304.896854,
        "title" : "Untitled",
        "transform" : [
          0.76729023,
          1.14485665e-08,
          -0.6413,
          0,
          -0.18320273,
          0.95832694,
          -0.21919471,
          0,
          0.61457515,
          0.2856735,
          0.73531497,
          0,
          0.4000898,
          0.50611687,
          0.70413095,
          1
        ]
      },
      {
        "date" : 731266300.166172,
        "title" : "Untitled",
        "transform" : [
          0.76729023,
          1.14485665e-08,
          -0.6413,
          0,
          -0.18320273,
          0.95832694,
          -0.21919471,
          0,
          0.61457515,
          0.2856735,
          0.73531497,
          0,
          0.38243768,
          0.51977956,
          0.71357656,
          1
        ]
      },
      {
        "date" : 731266298.729969,
        "title" : "Untitled",
        "transform" : [
          0.6147147,
          1.3088394e-08,
          -0.7887496,
          0,
          0.17959757,
          0.9737316,
          0.1399701,
          0,
          0.7680302,
          -0.22769949,
          0.598567,
          0,
          0.64071876,
          0.07984607,
          0.7189097,
          1
        ]
      },
      {
        "date" : 731266295.739353,
        "title" : "Untitled",
        "transform" : [
          -0.74264205,
          1.3815621e-08,
          -0.66968864,
          0,
          0.20950533,
          0.9498059,
          -0.23232795,
          0,
          0.63607407,
          -0.31284013,
          -0.70536566,
          0,
          0.76524454,
          -0.004161224,
          -0.590009,
          1
        ]
      },
      {
        "date" : 731266279.882448,
        "title" : "Untitled",
        "transform" : [
          -0.74264205,
          1.3815621e-08,
          -0.66968864,
          0,
          0.20950533,
          0.9498059,
          -0.23232795,
          0,
          0.636074,
          -0.3128401,
          -0.7053656,
          0,
          0.6569925,
          -0.19626491,
          -0.60242593,
          1
        ]
      },
      {
        "date" : 731265387.723175,
        "title" : "Untitled",
        "transform" : [
          -0.8250454,
          9.6283355e-09,
          0.5650665,
          0,
          0.15728197,
          0.96048194,
          0.22964501,
          0,
          -0.5427361,
          0.27834198,
          -0.79244125,
          0,
          -0.40671998,
          0.33927092,
          -0.7433371,
          1
        ]
      },
      {
        "date" : 731265327.446204,
        "title" : "Untitled",
        "transform" : [
          -0.9011244,
          6.4219003e-09,
          0.43356073,
          0,
          0.21004614,
          0.87480927,
          0.43656552,
          0,
          -0.37928286,
          0.48446727,
          -0.7883121,
          0,
          -0.24768312,
          0.51784223,
          -0.7096256,
          1
        ]
      }
    ]
  },
  "selectedSceneRelativePath" : "Plane.usda"
}