{
  "advancedEditorSelectedIdentifier" : "ShaderGraphEditorPluginID",
  "openSceneRelativePaths" : [
    "Scene.usda",
    "mesh.usd"
  ],
  "recentIdentifiers" : {
    "1D572CEB-057A-41C3-B575-04C37501A3C0" : [

    ],
    "8D6A181E-65AA-4563-9186-D16A2EAE4040" : [

    ],
    "D66134B1-3681-4A8E-AFE5-29F257229F3B" : [

    ]
  },
  "sceneCameraHistory" : {
    "1D572CEB-057A-41C3-B575-04C37501A3C0" : [
      {
        "date" : 728825677.05027,
        "title" : "Untitled",
        "transform" : [
          0.91990685,
          6.846639e-10,
          0.39213702,
          0,
          0.16647275,
          0.9054153,
          -0.3905253,
          0,
          -0.35504684,
          0.42452702,
          0.8328977,
          0,
          -1.068618,
          1.932704,
          1.7588485,
          1
        ]
      },
      {
        "date" : 728428745.153414,
        "title" : "Untitled",
        "transform" : [
          0.919907,
          -2.1745734e-09,
          0.39213708,
          0,
          0.16647275,
          0.90541536,
          -0.3905253,
          0,
          -0.35504687,
          0.42452708,
          0.8328978,
          0,
          -1.8888628,
          1.5002675,
          0.03406644,
          1
        ]
      },
      {
        "date" : 728428742.804096,
        "title" : "Untitled",
        "transform" : [
          0.9999956,
          -3.6368292e-10,
          0.002991252,
          0,
          0.0029894272,
          0.034899652,
          -0.99938637,
          0,
          -0.00010439848,
          0.99939084,
          0.03489944,
          0,
          -0.7962837,
          4.122134,
          -1.0484196,
          1
        ]
      },
      {
        "date" : 728428737.539355,
        "title" : "Untitled",
        "transform" : [
          0.9999956,
          -3.6368292e-10,
          0.002991252,
          0,
          0.0029894272,
          0.034899592,
          -0.99938637,
          0,
          -0.00010439831,
          0.99939084,
          0.03489938,
          0,
          -0.25016043,
          4.1487064,
          -1.8077121,
          1
        ]
      },
      {
        "date" : 728428736.205671,
        "title" : "Untitled",
        "transform" : [
          0.9999956,
          -3.6368292e-10,
          0.002991252,
          0,
          0.0029894272,
          0.034899533,
          -0.99938637,
          0,
          -0.00010439813,
          0.99939084,
          0.03489932,
          0,
          -0.25016043,
          4.1487064,
          -1.8077123,
          1
        ]
      },
      {
        "date" : 728428733.328145,
        "title" : "Untitled",
        "transform" : [
          0.9997372,
          -3.9180464e-10,
          0.022927402,
          0,
          0.022152338,
          0.25781232,
          -0.9659411,
          0,
          -0.00591097,
          0.96619505,
          0.2577445,
          0,
          -0.27407634,
          3.964497,
          -1.2119322,
          1
        ]
      },
      {
        "date" : 728428730.572707,
        "title" : "Untitled",
        "transform" : [
          0.9997372,
          -3.9180464e-10,
          0.022927402,
          0,
          0.02215234,
          0.25781235,
          -0.9659412,
          0,
          -0.00591097,
          0.96619505,
          0.2577445,
          0,
          -0.09284365,
          4.6123815,
          -3.6364698,
          1
        ]
      },
      {
        "date" : 728428726.901543,
        "title" : "Untitled",
        "transform" : [
          0.99819154,
          0,
          0.06011388,
          0,
          0.030056898,
          0.8660258,
          -0.49909505,
          0,
          -0.052060172,
          0.49999928,
          0.8644596,
          0,
          -0.3131487,
          2.3868737,
          -0.74016094,
          1
        ]
      },
      {
        "date" : 728428720.628838,
        "title" : "Untitled",
        "transform" : [
          0.99819154,
          0,
          0.06011388,
          0,
          0.030056898,
          0.8660258,
          -0.49909505,
          0,
          -0.052060172,
          0.49999928,
          0.8644596,
          0,
          -0.5732919,
          1.7936751,
          -0.41272408,
          1
        ]
      },
      {
        "date" : 728428712.827971,
        "title" : "Untitled",
        "transform" : [
          1,
          0,
          0,
          0,
          0,
          0.8660258,
          -0.49999928,
          0,
          0,
          0.49999928,
          0.8660258,
          0,
          -0.14618507,
          1.7170818,
          -0.31475973,
          1
        ]
      }
    ],
    "8D6A181E-65AA-4563-9186-D16A2EAE4040" : [
      {
        "date" : 729790479.317228,
        "title" : "Untitled",
        "transform" : [
          0.63770217,
          -1.2876403e-09,
          0.77028304,
          0,
          0.2263704,
          0.9558425,
          -0.18740758,
          0,
          -0.73626924,
          0.29387954,
          0.6095428,
          0,
          -0.91114795,
          1.0133256,
          1.4370599,
          1
        ]
      },
      {
        "date" : 729790471.817032,
        "title" : "Untitled",
        "transform" : [
          0.63770217,
          -1.2876403e-09,
          0.77028304,
          0,
          0.2263704,
          0.9558425,
          -0.18740758,
          0,
          -0.73626924,
          0.29387954,
          0.6095428,
          0,
          -0.9606967,
          0.61894715,
          1.5673519,
          1
        ]
      },
      {
        "date" : 729790469.283254,
        "title" : "Untitled",
        "transform" : [
          0.63770217,
          -1.2876403e-09,
          0.77028304,
          0,
          0.2263704,
          0.9558425,
          -0.18740758,
          0,
          -0.73626924,
          0.29387954,
          0.6095428,
          0,
          -0.9517322,
          0.9072565,
          0.81097126,
          1
        ]
      },
      {
        "date" : 729790413.681763,
        "title" : "Untitled",
        "transform" : [
          0.63770217,
          -1.2876403e-09,
          0.77028304,
          0,
          0.2263704,
          0.9558425,
          -0.18740758,
          0,
          -0.73626924,
          0.29387954,
          0.6095428,
          0,
          -0.96622837,
          1.0854404,
          0.70755327,
          1
        ]
      },
      {
        "date" : 729790410.503216,
        "title" : "Untitled",
        "transform" : [
          0.63770217,
          -1.2876403e-09,
          0.77028304,
          0,
          0.2263704,
          0.9558425,
          -0.18740758,
          0,
          -0.73626924,
          0.29387954,
          0.6095428,
          0,
          -0.7735449,
          1.0881814,
          0.93897516,
          1
        ]
      },
      {
        "date" : 729790053.223335,
        "title" : "Untitled",
        "transform" : [
          0.63770217,
          -1.2876403e-09,
          0.77028304,
          0,
          0.2263704,
          0.9558425,
          -0.18740758,
          0,
          -0.73626924,
          0.29387954,
          0.6095428,
          0,
          -1.0395,
          0.6426188,
          0.8325471,
          1
        ]
      },
      {
        "date" : 729790041.120413,
        "title" : "Untitled",
        "transform" : [
          0.6742178,
          -1.2876403e-09,
          0.7385326,
          0,
          0.21703959,
          0.9558425,
          -0.19813879,
          0,
          -0.7059208,
          0.29387954,
          0.644446,
          0,
          -0.9618504,
          0.6426188,
          0.8809828,
          1
        ]
      },
      {
        "date" : 729790034.339771,
        "title" : "Untitled",
        "transform" : [
          0.6742178,
          -1.2876403e-09,
          0.7385326,
          0,
          0.21703959,
          0.9558425,
          -0.19813879,
          0,
          -0.7059208,
          0.29387954,
          0.644446,
          0,
          -1.7665272,
          1.1802288,
          1.6180065,
          1
        ]
      },
      {
        "date" : 729789937.783971,
        "title" : "Untitled",
        "transform" : [
          0.6742178,
          -1.2876403e-09,
          0.7385326,
          0,
          0.21703959,
          0.9558425,
          -0.19813879,
          0,
          -0.7059208,
          0.29387954,
          0.644446,
          0,
          -0.28584856,
          0.56381196,
          0.26627195,
          1
        ]
      },
      {
        "date" : 729789932.536558,
        "title" : "Untitled",
        "transform" : [
          0.6742178,
          -1.2876403e-09,
          0.7385326,
          0,
          0.21703959,
          0.9558425,
          -0.19813879,
          0,
          -0.7059208,
          0.29387954,
          0.644446,
          0,
          -0.6713847,
          0.52029246,
          -0.13619554,
          1
        ]
      }
    ],
    "D66134B1-3681-4A8E-AFE5-29F257229F3B" : [
      {
        "date" : 729950481.007343,
        "title" : "Untitled",
        "transform" : [
          0.6522832,
          1.750177e-08,
          -0.75797534,
          0,
          -0.07412082,
          0.99520725,
          -0.063785434,
          0,
          0.75434244,
          0.09778768,
          0.6491572,
          0,
          0.5886836,
          0.18960097,
          0.6535586,
          1
        ]
      },
      {
        "date" : 729790531.981012,
        "title" : "Untitled",
        "transform" : [
          0.0047796043,
          1.8826164e-08,
          -0.9999886,
          0,
          -0.13741502,
          0.9905134,
          -0.00065682153,
          0,
          0.99050206,
          0.13741635,
          0.004734568,
          0,
          0.86371136,
          0.22426131,
          0.11552238,
          1
        ]
      },
      {
        "date" : 729768137.587855,
        "title" : "Untitled",
        "transform" : [
          0.6941421,
          1.8824341e-08,
          -0.719838,
          0,
          0.021791548,
          0.9995417,
          0.021013625,
          0,
          0.7195079,
          -0.030273065,
          0.6938242,
          0,
          0.56304175,
          0.07647552,
          0.69769007,
          1
        ]
      },
      {
        "date" : 729768123.721148,
        "title" : "Untitled",
        "transform" : [
          0.33406007,
          2.0522311e-08,
          -0.9425518,
          0,
          -0.13364886,
          0.9898961,
          -0.04736798,
          0,
          0.9330283,
          0.14179449,
          0.330685,
          0,
          0.77644944,
          0.22808035,
          0.39337212,
          1
        ]
      },
      {
        "date" : 729768114.236817,
        "title" : "Untitled",
        "transform" : [
          -0.66406506,
          -1.1883305e-08,
          0.7476748,
          0,
          0.0649156,
          0.99622375,
          0.057656378,
          0,
          -0.7448513,
          0.08682315,
          -0.66155756,
          0,
          -0.5799054,
          0.1799819,
          -0.6640425,
          1
        ]
      },
      {
        "date" : 729768061.254394,
        "title" : "Untitled",
        "transform" : [
          -0.6483771,
          -1.1265907e-08,
          0.76131934,
          0,
          0.08741651,
          0.993386,
          0.074448265,
          0,
          -0.75628376,
          0.11482224,
          -0.6440889,
          0,
          -0.88961416,
          0.14265227,
          -0.8139757,
          1
        ]
      },
      {
        "date" : 729695090.212616,
        "title" : "Untitled",
        "transform" : [
          -0.7185358,
          -1.14113865e-08,
          0.69549006,
          0,
          0.09153352,
          0.99130154,
          0.09456662,
          0,
          -0.68944025,
          0.13160996,
          -0.71228576,
          0,
          -0.8054798,
          0.16301641,
          -0.8938387,
          1
        ]
      },
      {
        "date" : 729695059.5331,
        "title" : "Untitled",
        "transform" : [
          0.9937097,
          -7.658677e-09,
          0.11198641,
          0,
          0.041135684,
          0.93009174,
          -0.3650166,
          0,
          -0.1041577,
          0.36732703,
          0.9242413,
          0,
          -0.16887285,
          0.44884348,
          1.1155006,
          1
        ]
      },
      {
        "date" : 729694598.215131,
        "title" : "Untitled",
        "transform" : [
          0.96930873,
          -8.471217e-09,
          -0.24584612,
          0,
          -0.11896069,
          0.8751328,
          -0.46903187,
          0,
          0.215148,
          0.4838826,
          0.8482741,
          0,
          0.21910115,
          0.59009457,
          1.0383176,
          1
        ]
      },
      {
        "date" : 729694595.233171,
        "title" : "Untitled",
        "transform" : [
          0.7475245,
          -4.70175e-09,
          -0.6642342,
          0,
          -0.06904999,
          0.9945821,
          -0.07770841,
          0,
          0.6606353,
          0.10395408,
          0.7434745,
          0,
          0.7524665,
          0.14821321,
          0.94516873,
          1
        ]
      }
    ]
  },
  "selectedSceneRelativePath" : "Scene.usda"
}