{
  "advancedEditorSelectedIdentifier" : "ShaderGraphEditorPluginID",
  "openSceneRelativePaths" : [
    "Scene.usda"
  ],
  "recentIdentifiers" : {
    "1D572CEB-057A-41C3-B575-04C37501A3C0" : [

    ],
    "D66134B1-3681-4A8E-AFE5-29F257229F3B" : [

    ]
  },
  "sceneCameraHistory" : {
    "1D572CEB-057A-41C3-B575-04C37501A3C0" : [
      {
        "date" : 728825677.05027,
        "title" : "Untitled",
        "transform" : [
          0.91990685,
          6.846639e-10,
          0.39213702,
          0,
          0.16647275,
          0.9054153,
          -0.3905253,
          0,
          -0.35504684,
          0.42452702,
          0.8328977,
          0,
          -1.068618,
          1.932704,
          1.7588485,
          1
        ]
      },
      {
        "date" : 728428745.153414,
        "title" : "Untitled",
        "transform" : [
          0.919907,
          -2.1745734e-09,
          0.39213708,
          0,
          0.16647275,
          0.90541536,
          -0.3905253,
          0,
          -0.35504687,
          0.42452708,
          0.8328978,
          0,
          -1.8888628,
          1.5002675,
          0.03406644,
          1
        ]
      },
      {
        "date" : 728428742.804096,
        "title" : "Untitled",
        "transform" : [
          0.9999956,
          -3.6368292e-10,
          0.002991252,
          0,
          0.0029894272,
          0.034899652,
          -0.99938637,
          0,
          -0.00010439848,
          0.99939084,
          0.03489944,
          0,
          -0.7962837,
          4.122134,
          -1.0484196,
          1
        ]
      },
      {
        "date" : 728428737.539355,
        "title" : "Untitled",
        "transform" : [
          0.9999956,
          -3.6368292e-10,
          0.002991252,
          0,
          0.0029894272,
          0.034899592,
          -0.99938637,
          0,
          -0.00010439831,
          0.99939084,
          0.03489938,
          0,
          -0.25016043,
          4.1487064,
          -1.8077121,
          1
        ]
      },
      {
        "date" : 728428736.205671,
        "title" : "Untitled",
        "transform" : [
          0.9999956,
          -3.6368292e-10,
          0.002991252,
          0,
          0.0029894272,
          0.034899533,
          -0.99938637,
          0,
          -0.00010439813,
          0.99939084,
          0.03489932,
          0,
          -0.25016043,
          4.1487064,
          -1.8077123,
          1
        ]
      },
      {
        "date" : 728428733.328145,
        "title" : "Untitled",
        "transform" : [
          0.9997372,
          -3.9180464e-10,
          0.022927402,
          0,
          0.022152338,
          0.25781232,
          -0.9659411,
          0,
          -0.00591097,
          0.96619505,
          0.2577445,
          0,
          -0.27407634,
          3.964497,
          -1.2119322,
          1
        ]
      },
      {
        "date" : 728428730.572707,
        "title" : "Untitled",
        "transform" : [
          0.9997372,
          -3.9180464e-10,
          0.022927402,
          0,
          0.02215234,
          0.25781235,
          -0.9659412,
          0,
          -0.00591097,
          0.96619505,
          0.2577445,
          0,
          -0.09284365,
          4.6123815,
          -3.6364698,
          1
        ]
      },
      {
        "date" : 728428726.901543,
        "title" : "Untitled",
        "transform" : [
          0.99819154,
          0,
          0.06011388,
          0,
          0.030056898,
          0.8660258,
          -0.49909505,
          0,
          -0.052060172,
          0.49999928,
          0.8644596,
          0,
          -0.3131487,
          2.3868737,
          -0.74016094,
          1
        ]
      },
      {
        "date" : 728428720.628838,
        "title" : "Untitled",
        "transform" : [
          0.99819154,
          0,
          0.06011388,
          0,
          0.030056898,
          0.8660258,
          -0.49909505,
          0,
          -0.052060172,
          0.49999928,
          0.8644596,
          0,
          -0.5732919,
          1.7936751,
          -0.41272408,
          1
        ]
      },
      {
        "date" : 728428712.827971,
        "title" : "Untitled",
        "transform" : [
          1,
          0,
          0,
          0,
          0,
          0.8660258,
          -0.49999928,
          0,
          0,
          0.49999928,
          0.8660258,
          0,
          -0.14618507,
          1.7170818,
          -0.31475973,
          1
        ]
      }
    ],
    "D66134B1-3681-4A8E-AFE5-29F257229F3B" : [
      {
        "date" : 729695059.5331,
        "title" : "Untitled",
        "transform" : [
          0.9937097,
          -7.658677e-09,
          0.11198641,
          0,
          0.041135684,
          0.93009174,
          -0.3650166,
          0,
          -0.1041577,
          0.36732703,
          0.9242413,
          0,
          -0.16887285,
          0.44884348,
          1.1155006,
          1
        ]
      },
      {
        "date" : 729694598.215131,
        "title" : "Untitled",
        "transform" : [
          0.96930873,
          -8.471217e-09,
          -0.24584612,
          0,
          -0.11896069,
          0.8751328,
          -0.46903187,
          0,
          0.215148,
          0.4838826,
          0.8482741,
          0,
          0.21910115,
          0.59009457,
          1.0383176,
          1
        ]
      },
      {
        "date" : 729694595.233171,
        "title" : "Untitled",
        "transform" : [
          0.7475245,
          -4.70175e-09,
          -0.6642342,
          0,
          -0.06904999,
          0.9945821,
          -0.07770841,
          0,
          0.6606353,
          0.10395408,
          0.7434745,
          0,
          0.7524665,
          0.14821321,
          0.94516873,
          1
        ]
      },
      {
        "date" : 729694581.568047,
        "title" : "Untitled",
        "transform" : [
          0.5801626,
          5.4654947e-11,
          -0.8145008,
          0,
          -0.31922427,
          0.91999656,
          -0.22738098,
          0,
          0.749338,
          0.39192617,
          0.5337477,
          0,
          0.8574098,
          0.4835674,
          0.7024118,
          1
        ]
      },
      {
        "date" : 729689544.495986,
        "title" : "Untitled",
        "transform" : [
          0.7949891,
          -5.729639e-10,
          -0.6066238,
          0,
          -0.071266636,
          0.99307513,
          -0.093395986,
          0,
          0.60242295,
          0.11748066,
          0.78948396,
          0,
          0.6668934,
          0.15317023,
          0.9970774,
          1
        ]
      },
      {
        "date" : 729689394.696734,
        "title" : "Untitled",
        "transform" : [
          0.94816345,
          -1.7546531e-08,
          0.31778342,
          0,
          0.06290105,
          0.9802148,
          -0.1876764,
          0,
          -0.31149605,
          0.19793664,
          0.9294037,
          0,
          -0.44603765,
          0.2501271,
          1.0958366,
          1
        ]
      },
      {
        "date" : 729689373.477716,
        "title" : "Untitled",
        "transform" : [
          0.97811085,
          -1.32822935e-08,
          0.20808445,
          0,
          0.08250236,
          0.9180413,
          -0.38780606,
          0,
          -0.19103004,
          0.39648476,
          0.89794624,
          0,
          -0.30265638,
          0.48904684,
          1.0637685,
          1
        ]
      },
      {
        "date" : 729689324.548155,
        "title" : "Untitled",
        "transform" : [
          0.97811085,
          -1.32822935e-08,
          0.20808445,
          0,
          0.08250236,
          0.9180413,
          -0.38780606,
          0,
          -0.19103004,
          0.39648476,
          0.89794624,
          0,
          -0.3013484,
          0.48904684,
          1.0640469,
          1
        ]
      },
      {
        "date" : 729689203.762756,
        "title" : "Untitled",
        "transform" : [
          0.97811073,
          -1.3282292e-08,
          0.20808442,
          0,
          0.08250236,
          0.9180413,
          -0.38780606,
          0,
          -0.19103004,
          0.39648476,
          0.89794624,
          0,
          -0.29622325,
          0.48904684,
          1.0651371,
          1
        ]
      },
      {
        "date" : 729689196.848017,
        "title" : "Untitled",
        "transform" : [
          0.9878331,
          -1.9693061e-08,
          0.15551771,
          0,
          0.014749094,
          0.9954927,
          -0.0936846,
          0,
          -0.1548167,
          0.094838515,
          0.9833806,
          0,
          -0.25395495,
          0.12587069,
          1.1752005,
          1
        ]
      }
    ]
  },
  "selectedSceneRelativePath" : "Scene.usda"
}