{
  "advancedEditorSelectedIdentifier" : "ShaderGraphEditorPluginID",
  "openSceneRelativePaths" : [
    "Scene.usda"
  ],
  "recentIdentifiers" : {
    "1D572CEB-057A-41C3-B575-04C37501A3C0" : [

    ],
    "D66134B1-3681-4A8E-AFE5-29F257229F3B" : [

    ]
  },
  "sceneCameraHistory" : {
    "1D572CEB-057A-41C3-B575-04C37501A3C0" : [
      {
        "date" : 728825677.05027,
        "title" : "Untitled",
        "transform" : [
          0.91990685,
          6.846639e-10,
          0.39213702,
          0,
          0.16647275,
          0.9054153,
          -0.3905253,
          0,
          -0.35504684,
          0.42452702,
          0.8328977,
          0,
          -1.068618,
          1.932704,
          1.7588485,
          1
        ]
      },
      {
        "date" : 728428745.153414,
        "title" : "Untitled",
        "transform" : [
          0.919907,
          -2.1745734e-09,
          0.39213708,
          0,
          0.16647275,
          0.90541536,
          -0.3905253,
          0,
          -0.35504687,
          0.42452708,
          0.8328978,
          0,
          -1.8888628,
          1.5002675,
          0.03406644,
          1
        ]
      },
      {
        "date" : 728428742.804096,
        "title" : "Untitled",
        "transform" : [
          0.9999956,
          -3.6368292e-10,
          0.002991252,
          0,
          0.0029894272,
          0.034899652,
          -0.99938637,
          0,
          -0.00010439848,
          0.99939084,
          0.03489944,
          0,
          -0.7962837,
          4.122134,
          -1.0484196,
          1
        ]
      },
      {
        "date" : 728428737.539355,
        "title" : "Untitled",
        "transform" : [
          0.9999956,
          -3.6368292e-10,
          0.002991252,
          0,
          0.0029894272,
          0.034899592,
          -0.99938637,
          0,
          -0.00010439831,
          0.99939084,
          0.03489938,
          0,
          -0.25016043,
          4.1487064,
          -1.8077121,
          1
        ]
      },
      {
        "date" : 728428736.205671,
        "title" : "Untitled",
        "transform" : [
          0.9999956,
          -3.6368292e-10,
          0.002991252,
          0,
          0.0029894272,
          0.034899533,
          -0.99938637,
          0,
          -0.00010439813,
          0.99939084,
          0.03489932,
          0,
          -0.25016043,
          4.1487064,
          -1.8077123,
          1
        ]
      },
      {
        "date" : 728428733.328145,
        "title" : "Untitled",
        "transform" : [
          0.9997372,
          -3.9180464e-10,
          0.022927402,
          0,
          0.022152338,
          0.25781232,
          -0.9659411,
          0,
          -0.00591097,
          0.96619505,
          0.2577445,
          0,
          -0.27407634,
          3.964497,
          -1.2119322,
          1
        ]
      },
      {
        "date" : 728428730.572707,
        "title" : "Untitled",
        "transform" : [
          0.9997372,
          -3.9180464e-10,
          0.022927402,
          0,
          0.02215234,
          0.25781235,
          -0.9659412,
          0,
          -0.00591097,
          0.96619505,
          0.2577445,
          0,
          -0.09284365,
          4.6123815,
          -3.6364698,
          1
        ]
      },
      {
        "date" : 728428726.901543,
        "title" : "Untitled",
        "transform" : [
          0.99819154,
          0,
          0.06011388,
          0,
          0.030056898,
          0.8660258,
          -0.49909505,
          0,
          -0.052060172,
          0.49999928,
          0.8644596,
          0,
          -0.3131487,
          2.3868737,
          -0.74016094,
          1
        ]
      },
      {
        "date" : 728428720.628838,
        "title" : "Untitled",
        "transform" : [
          0.99819154,
          0,
          0.06011388,
          0,
          0.030056898,
          0.8660258,
          -0.49909505,
          0,
          -0.052060172,
          0.49999928,
          0.8644596,
          0,
          -0.5732919,
          1.7936751,
          -0.41272408,
          1
        ]
      },
      {
        "date" : 728428712.827971,
        "title" : "Untitled",
        "transform" : [
          1,
          0,
          0,
          0,
          0,
          0.8660258,
          -0.49999928,
          0,
          0,
          0.49999928,
          0.8660258,
          0,
          -0.14618507,
          1.7170818,
          -0.31475973,
          1
        ]
      }
    ],
    "D66134B1-3681-4A8E-AFE5-29F257229F3B" : [
      {
        "date" : 728867417.941404,
        "title" : "Untitled",
        "transform" : [
          0.9239783,
          6.096796e-10,
          -0.382445,
          0,
          -0.12535538,
          0.9447563,
          -0.30285567,
          0,
          0.36131737,
          0.32777357,
          0.8729343,
          0,
          0.105748,
          0.09941763,
          0.4019542,
          1
        ]
      },
      {
        "date" : 728867411.143505,
        "title" : "Untitled",
        "transform" : [
          0.9239783,
          6.096796e-10,
          -0.382445,
          0,
          -0.12535538,
          0.9447563,
          -0.30285567,
          0,
          0.36131737,
          0.32777357,
          0.8729343,
          0,
          0.08181138,
          0.1097976,
          0.40796432,
          1
        ]
      },
      {
        "date" : 728866612.306432,
        "title" : "Untitled",
        "transform" : [
          0.9239783,
          6.096796e-10,
          -0.382445,
          0,
          -0.12535538,
          0.9447563,
          -0.30285567,
          0,
          0.36131737,
          0.32777357,
          0.8729343,
          0,
          0.13467279,
          0.11095098,
          0.3856513,
          1
        ]
      },
      {
        "date" : 728866397.453357,
        "title" : "Untitled",
        "transform" : [
          0.9239783,
          6.096796e-10,
          -0.382445,
          0,
          -0.12535538,
          0.9447563,
          -0.30285567,
          0,
          0.36131737,
          0.32777357,
          0.8729343,
          0,
          0.12539983,
          0.12133093,
          0.38559198,
          1
        ]
      },
      {
        "date" : 728866392.202024,
        "title" : "Untitled",
        "transform" : [
          0.9239783,
          6.096796e-10,
          -0.382445,
          0,
          -0.12535538,
          0.9447563,
          -0.30285567,
          0,
          0.36131737,
          0.32777357,
          0.8729343,
          0,
          0.31777528,
          0.12119889,
          0.4541267,
          1
        ]
      },
      {
        "date" : 728865866.369463,
        "title" : "Untitled",
        "transform" : [
          0.9239783,
          6.096796e-10,
          -0.382445,
          0,
          -0.12535538,
          0.9447563,
          -0.30285567,
          0,
          0.36131737,
          0.32777357,
          0.8729343,
          0,
          0.44975796,
          0.22722685,
          0.3596857,
          1
        ]
      },
      {
        "date" : 728864848.355638,
        "title" : "Untitled",
        "transform" : [
          0.86382556,
          6.096796e-10,
          -0.5037911,
          0,
          -0.16512941,
          0.9447563,
          -0.2831392,
          0,
          0.47595984,
          0.32777357,
          0.8161046,
          0,
          0.49423593,
          0.22722685,
          0.2956127,
          1
        ]
      },
      {
        "date" : 728864843.584096,
        "title" : "Untitled",
        "transform" : [
          0.9823261,
          4.0078945e-09,
          -0.18717754,
          0,
          -0.034024794,
          0.9833395,
          -0.17856543,
          0,
          0.18405907,
          0.18177818,
          0.9659601,
          0,
          0.36573315,
          0.25375447,
          0.2908073,
          1
        ]
      },
      {
        "date" : 728864813.137007,
        "title" : "Untitled",
        "transform" : [
          0.9823261,
          4.0078945e-09,
          -0.18717754,
          0,
          -0.034024794,
          0.9833395,
          -0.17856543,
          0,
          0.18405907,
          0.18177818,
          0.9659601,
          0,
          0.17304021,
          0.32867813,
          0.69301933,
          1
        ]
      },
      {
        "date" : 728864797.352657,
        "title" : "Untitled",
        "transform" : [
          0.9823261,
          4.0078945e-09,
          -0.18717754,
          0,
          -0.034024794,
          0.9833395,
          -0.17856543,
          0,
          0.18405907,
          0.18177818,
          0.9659601,
          0,
          0.17682186,
          0.027807415,
          0.4448868,
          1
        ]
      }
    ]
  },
  "selectedSceneRelativePath" : "Scene.usda"
}