{
  "advancedEditorSelectedIdentifier" : "ShaderGraphEditorPluginID",
  "openSceneRelativePaths" : [
    "Scene.usda"
  ],
  "recentIdentifiers" : {
    "1D572CEB-057A-41C3-B575-04C37501A3C0" : [

    ],
    "D66134B1-3681-4A8E-AFE5-29F257229F3B" : [

    ]
  },
  "sceneCameraHistory" : {
    "1D572CEB-057A-41C3-B575-04C37501A3C0" : [
      {
        "date" : 728825677.05027,
        "title" : "Untitled",
        "transform" : [
          0.91990685,
          6.846639e-10,
          0.39213702,
          0,
          0.16647275,
          0.9054153,
          -0.3905253,
          0,
          -0.35504684,
          0.42452702,
          0.8328977,
          0,
          -1.068618,
          1.932704,
          1.7588485,
          1
        ]
      },
      {
        "date" : 728428745.153414,
        "title" : "Untitled",
        "transform" : [
          0.919907,
          -2.1745734e-09,
          0.39213708,
          0,
          0.16647275,
          0.90541536,
          -0.3905253,
          0,
          -0.35504687,
          0.42452708,
          0.8328978,
          0,
          -1.8888628,
          1.5002675,
          0.03406644,
          1
        ]
      },
      {
        "date" : 728428742.804096,
        "title" : "Untitled",
        "transform" : [
          0.9999956,
          -3.6368292e-10,
          0.002991252,
          0,
          0.0029894272,
          0.034899652,
          -0.99938637,
          0,
          -0.00010439848,
          0.99939084,
          0.03489944,
          0,
          -0.7962837,
          4.122134,
          -1.0484196,
          1
        ]
      },
      {
        "date" : 728428737.539355,
        "title" : "Untitled",
        "transform" : [
          0.9999956,
          -3.6368292e-10,
          0.002991252,
          0,
          0.0029894272,
          0.034899592,
          -0.99938637,
          0,
          -0.00010439831,
          0.99939084,
          0.03489938,
          0,
          -0.25016043,
          4.1487064,
          -1.8077121,
          1
        ]
      },
      {
        "date" : 728428736.205671,
        "title" : "Untitled",
        "transform" : [
          0.9999956,
          -3.6368292e-10,
          0.002991252,
          0,
          0.0029894272,
          0.034899533,
          -0.99938637,
          0,
          -0.00010439813,
          0.99939084,
          0.03489932,
          0,
          -0.25016043,
          4.1487064,
          -1.8077123,
          1
        ]
      },
      {
        "date" : 728428733.328145,
        "title" : "Untitled",
        "transform" : [
          0.9997372,
          -3.9180464e-10,
          0.022927402,
          0,
          0.022152338,
          0.25781232,
          -0.9659411,
          0,
          -0.00591097,
          0.96619505,
          0.2577445,
          0,
          -0.27407634,
          3.964497,
          -1.2119322,
          1
        ]
      },
      {
        "date" : 728428730.572707,
        "title" : "Untitled",
        "transform" : [
          0.9997372,
          -3.9180464e-10,
          0.022927402,
          0,
          0.02215234,
          0.25781235,
          -0.9659412,
          0,
          -0.00591097,
          0.96619505,
          0.2577445,
          0,
          -0.09284365,
          4.6123815,
          -3.6364698,
          1
        ]
      },
      {
        "date" : 728428726.901543,
        "title" : "Untitled",
        "transform" : [
          0.99819154,
          0,
          0.06011388,
          0,
          0.030056898,
          0.8660258,
          -0.49909505,
          0,
          -0.052060172,
          0.49999928,
          0.8644596,
          0,
          -0.3131487,
          2.3868737,
          -0.74016094,
          1
        ]
      },
      {
        "date" : 728428720.628838,
        "title" : "Untitled",
        "transform" : [
          0.99819154,
          0,
          0.06011388,
          0,
          0.030056898,
          0.8660258,
          -0.49909505,
          0,
          -0.052060172,
          0.49999928,
          0.8644596,
          0,
          -0.5732919,
          1.7936751,
          -0.41272408,
          1
        ]
      },
      {
        "date" : 728428712.827971,
        "title" : "Untitled",
        "transform" : [
          1,
          0,
          0,
          0,
          0,
          0.8660258,
          -0.49999928,
          0,
          0,
          0.49999928,
          0.8660258,
          0,
          -0.14618507,
          1.7170818,
          -0.31475973,
          1
        ]
      }
    ],
    "D66134B1-3681-4A8E-AFE5-29F257229F3B" : [
      {
        "date" : 729004544.838348,
        "title" : "Untitled",
        "transform" : [
          -0.7378532,
          2.2745606e-08,
          -0.67496127,
          0,
          -0.34935758,
          0.85562474,
          0.3819104,
          0,
          0.57751334,
          0.5175966,
          -0.6313256,
          0,
          0.20645702,
          0.15079242,
          -0.24830082,
          1
        ]
      },
      {
        "date" : 729004525.1729,
        "title" : "Untitled",
        "transform" : [
          -0.85088974,
          2.107728e-08,
          -0.52534443,
          0,
          -0.24836437,
          0.8811886,
          0.4022709,
          0,
          0.4629273,
          0.47276497,
          -0.74979436,
          0,
          0.1603331,
          0.13395049,
          -0.28873295,
          1
        ]
      },
      {
        "date" : 729004522.663565,
        "title" : "Untitled",
        "transform" : [
          -0.85088974,
          2.107728e-08,
          -0.52534443,
          0,
          -0.24836437,
          0.8811886,
          0.4022709,
          0,
          0.4629273,
          0.47276497,
          -0.74979436,
          0,
          0.15102878,
          0.1561143,
          -0.28050265,
          1
        ]
      },
      {
        "date" : 729004516.926945,
        "title" : "Untitled",
        "transform" : [
          -0.05469765,
          2.3773403e-08,
          -0.998503,
          0,
          -0.101569265,
          0.9948129,
          0.0055640056,
          0,
          0.9933236,
          0.10172151,
          -0.054414105,
          0,
          0.35194343,
          0.023297701,
          -0.038159274,
          1
        ]
      },
      {
        "date" : 729004502.273435,
        "title" : "Untitled",
        "transform" : [
          -0.47478777,
          2.2066889e-08,
          -0.88010037,
          0,
          -0.35565174,
          0.91471314,
          0.19186354,
          0,
          0.8050393,
          0.40410367,
          -0.43429476,
          0,
          0.28061157,
          0.13137692,
          -0.17280145,
          1
        ]
      },
      {
        "date" : 728907927.171041,
        "title" : "Untitled",
        "transform" : [
          -0.4747877,
          2.2066887e-08,
          -0.88010025,
          0,
          -0.35565174,
          0.91471314,
          0.19186354,
          0,
          0.8050393,
          0.40410367,
          -0.43429476,
          0,
          0.2571557,
          0.13466364,
          -0.21322265,
          1
        ]
      },
      {
        "date" : 728907915.655151,
        "title" : "Untitled",
        "transform" : [
          0.24089141,
          2.4911625e-08,
          -0.97055197,
          0,
          0.15789014,
          0.9866787,
          0.03918847,
          0,
          0.9576232,
          -0.16268082,
          0.23768227,
          0,
          0.3533796,
          -0.066662,
          0.020156717,
          1
        ]
      },
      {
        "date" : 728907912.875707,
        "title" : "Untitled",
        "transform" : [
          -0.27228463,
          1.588674e-08,
          -0.96221673,
          0,
          -0.44222915,
          0.88812906,
          0.12514047,
          0,
          0.85457265,
          0.45959413,
          -0.24182408,
          0,
          0.28876472,
          0.15455377,
          -0.14985102,
          1
        ]
      },
      {
        "date" : 728907269.482687,
        "title" : "Untitled",
        "transform" : [
          -0.8339165,
          1.4825851e-08,
          -0.5518906,
          0,
          -0.30915552,
          0.82837397,
          0.46713957,
          0,
          0.45717174,
          0.5601754,
          -0.6907949,
          0,
          0.09799096,
          0.17087863,
          -0.110500865,
          1
        ]
      },
      {
        "date" : 728907202.814867,
        "title" : "Untitled",
        "transform" : [
          -0.8053222,
          -7.2380146e-09,
          -0.59283733,
          0,
          -0.04468745,
          0.99715495,
          0.06070441,
          0,
          0.59115064,
          0.075378925,
          -0.80303115,
          0,
          0.14222428,
          0.07581422,
          -0.1582297,
          1
        ]
      }
    ]
  },
  "selectedSceneRelativePath" : "Scene.usda"
}